0.0980058
0.0980058
0.651776
0.0980058
0.651776
2.79749e-06
0.0980058
0.651776
2.79749e-06
0.880106
0.0980058
0.651776
2.79749e-06
0.880106
0.650152
0.0980058
0.651776
2.79749e-06
0.880106
0.650152
3.99059e-06
0.0980058
0.651776
2.79749e-06
0.880106
0.650152
3.99059e-06
0.096268
0.0980058
0.651776
2.79749e-06
0.880106
0.650152
3.99059e-06
0.096268
0.235872
0.0980058
0.651776
2.79749e-06
0.880106
0.650152
3.99059e-06
0.096268
0.235872
0.158227
0.0980058
0.651776
2.79749e-06
0.880106
0.650152
3.99059e-06
0.096268
0.235872
0.158227
0.124333
