0.120362
0.120362
0.000350488
0.120362
0.000350488
0.0706904
0.120362
0.000350488
0.0706904
0.249703
0.120362
0.000350488
0.0706904
0.249703
0.0628478
0.120362
0.000350488
0.0706904
0.249703
0.0628478
0.0147679
0.120362
0.000350488
0.0706904
0.249703
0.0628478
0.0147679
0.0714906
0.120362
0.000350488
0.0706904
0.249703
0.0628478
0.0147679
0.0714906
0.105209
0.120362
0.000350488
0.0706904
0.249703
0.0628478
0.0147679
0.0714906
0.105209
0.249628
0.120362
0.000350488
0.0706904
0.249703
0.0628478
0.0147679
0.0714906
0.105209
0.249628
0.109777
