0.0822776
0.0822776
0.999649
0.0822776
0.999649
0.135488
0.0822776
0.999649
0.135488
0.726543
0.0822776
0.999649
0.135488
0.726543
0.288549
0.0822776
0.999649
0.135488
0.726543
0.288549
0.114271
0.0822776
0.999649
0.135488
0.726543
0.288549
0.114271
0.928496
0.0822776
0.999649
0.135488
0.726543
0.288549
0.114271
0.928496
0.894241
0.0822776
0.999649
0.135488
0.726543
0.288549
0.114271
0.928496
0.894241
0.249699
0.0822776
0.999649
0.135488
0.726543
0.288549
0.114271
0.928496
0.894241
0.249699
0.089355
